2981950997.809534
1295725199.4992094
341310719.25957376
202748182.0073914
170638028.713251
170637498.07890004
153460300.49992156
113215424.77017668
101392924.21811691
90027427.63906169
69330088.16071376
62643541.3770095
61886752.16054081
61412873.01093499
60222127.50708713
55227205.63548556
37668484.10434898
35632573.726024225
35108972.39520325
32118245.03310234
31715093.67288763
29795295.604052998
29763994.147296935
29073767.82487955
26729975.058495417
23629955.115605656
22794488.306894742
21831520.605225064
21640784.092853256
21210741.626780823
20056369.187065024
19507907.58982273
18641991.309845332
18280054.092476763
17921312.33181779
17414066.624919586
14787876.186310139
12942884.362696022
11249929.762352336
10556180.082735531
9823742.879495058
9218555.670743553
9033898.06281409
7533048.202263808
7530065.847561273
7462933.210578898
6592710.574801827
6579560.5391791165
6511908.896487668
6441833.249434457
